679726969 -550466416 1854710958 -1664012616 1455488119 -1330723113 815267391 -1216248274 913966064 1424904693 
1487366670 512431983 723598787 -1126567378 1298205054 -359228392 1234556166 1703247343 249953325 -1282226076 
-512796782 1979355393 468411664 -1943415946 -1410057788 -1455374596 -1887691300 -862539531 655250050 2073164025 
1301789863 1553715165 -2042850436 -1014818165 822726607 -2044300652 -1380875852 -1879846418 1025405978 -12127173 
1086468671 18372481 2022156574 -1411936441 1421987660 -1054693263 -1910962205 1253079375 -2136872603 -1757923146 
-1036664890 -1595840473 -126871307 1488736323 -2094596705 -598354900 508408841 -1194948743 -2058411738 -2016769055 
1762040922 1461720796 1284531346 156265658 -281515637 513404424 1887689346 -603892424 223048622 -650590747 
730326561 1917428789 9667084 -1361862119 -1686400636 1903810944 2063999525 -1953204802 -395418027 377039788 
-313464075 -1500389548 -1880970058 2007705381 -520474503 951332857 -994429857 -1096308093 1306192752 143077847 
-87815160 -1366961118 1978194278 -1816305187 -1016870130 -26233614 -600565523 440438961 1831948624 1966988426 
