The sorted values are: 
-2136872603 -2094596705 -2058411738 -2044300652 -2042850436 -2016769055 -1953204802 -1943415946 -1910962205 -1887691300 
-1880970058 -1879846418 -1816305187 -1757923146 -1686400636 -1664012616 -1595840473 -1500389548 -1455374596 -1411936441 
-1410057788 -1380875852 -1366961118 -1361862119 -1330723113 -1282226076 -1216248274 -1194948743 -1126567378 -1096308093 
-1054693263 -1036664890 -1016870130 -1014818165 -994429857 -862539531 -650590747 -603892424 -600565523 -598354900 
-550466416 -520474503 -512796782 -395418027 -359228392 -313464075 -281515637 -126871307 -87815160 -26233614 
-12127173 9667084 18372481 143077847 156265658 223048622 249953325 377039788 440438961 468411664 
508408841 512431983 513404424 655250050 679726969 723598787 730326561 815267391 822726607 913966064 
951332857 1025405978 1086468671 1234556166 1253079375 1284531346 1298205054 1301789863 1306192752 1421987660 
1424904693 1455488119 1461720796 1487366670 1488736323 1553715165 1703247343 1762040922 1831948624 1854710958 
1887689346 1903810944 1917428789 1966988426 1978194278 1979355393 2007705381 2022156574 2063999525 2073164025 
